local bel = {
	["Island Boy"] = CFrame.new(-16863.9395, 21.6863384, -198.552353, 0.322766423, -2.90741764e-09, 0.946478665, 1.89629681e-08, 1, -3.39489103e-09, -0.946478665, 1.90438012e-08, 0.322766423),
	["Isle Outlaw"] = CFrame.new(-16514.4941, 55.6863632, -264.762878, -0.418485135, 1.37617118e-08, 0.908223629, 4.63749572e-08, 1, 6.21600149e-09, -0.908223629, 4.47201387e-08, -0.418485135),
	["Isle Champion"] = CFrame.new(-16764.1172, 21.6863384, 1070.57764, -0.657857299, 0, 0.753142595, 0, 1, 0, -0.753142595, 0, -0.657857299),
	["Sun-kissed Warrior"] = CFrame.new(-16135.499, 11.6863394, 1030.46863, 0.0093851313, -2.61798512e-08, -0.999955952, 1.25558657e-07, 1, -2.50025689e-08, 0.999955952, -1.25318479e-07, 0.0093851313),
	["Forest Pirate"] = CFrame.new(-13400.6973, 336.081818, -7852.92236, -0.302243531, -1.40087781e-08, -0.953230739, 1.42735934e-09, 1, -1.51486805e-08, 0.953230739, -5.93919358e-09, -0.302243531),
	["Musketeer Pirate"] = CFrame.new(-13330.8701, 395.249329, -9830.49902, -0.352040112, -8.12210077e-10, -0.93598491, -3.23385478e-08, 1, 1.12953273e-08, 0.93598491, 3.42448025e-08, -0.352040112),
	["Jungle Pirate"] = CFrame.new(-11973.6016, 335.441956, -10603.248, -0.922166824, 3.96247408e-08, 0.386792392, 5.98695422e-08, 1, 4.02928357e-08, -0.386792392, 6.03137948e-08, -0.922166824),
	["Fishman Captain"] = CFrame.new(-10977.2461, 335.466309, -8975.54395, -0.701938748, -6.12525497e-09, -0.712237298, -4.69199124e-09, 1, -3.97587252e-09, 0.712237298, 5.50992196e-10, -0.701938748),
	["Fishman Raider"] = CFrame.new(-10362.7324, 335.466309, -8374.77051, -0.998573899, 3.12518864e-08, 0.0533871464, 3.23471525e-08, 1, 1.96514218e-08, -0.0533871464, 2.13503188e-08, -0.998573899),
	["Peanut Scout"] = CFrame.new(-2153.38892, 41.8077164, -10111.9336, -0.511230111, -2.81437558e-08, 0.859443903, -3.85634245e-08, 1, 9.80747217e-09, -0.859443903, -2.81292252e-08, -0.511230111),
	["Peanut President"] = CFrame.new(-2112.13135, 41.8068924, -10537.459, 0.95007509, 2.8934771e-08, 0.312021375, -3.77293574e-08, 1, 2.21489653e-08, -0.312021375, -3.28155458e-08, 0.95007509),
	["Cookie Crafter"] = CFrame.new(-2378.76562, 41.5018692, -12126.3252, 0.966266632, 3.30099752e-08, 0.257543802, -5.24770911e-08, 1, 6.8714094e-08, -0.257543802, -7.99112883e-08, 0.966266632),
	["Cake Guard"] = CFrame.new(-1617.70813, 41.501606, -12371.3574, 0.131652102, -5.67930272e-08, 0.991295993, 1.15918446e-07, 1, 4.189679e-08, -0.991295993, 1.09393689e-07, 0.131652102),
	["Baking Staff"] = CFrame.new(-1871.86841, 41.5017815, -12937.3535, 0.981138885, 7.45784732e-08, -0.193304062, -6.22078815e-08, 1, 7.00652407e-08, 0.193304062, -5.67186973e-08, 0.981138885),
	["Head Baker"] = CFrame.new(-2244.88159, 57.1016808, -12878.2725, 0.823323786, 3.04503711e-09, 0.567571998, -6.40809539e-09, 1, 3.93060295e-09, -0.567571998, -6.87321444e-09, 0.823323786),
	["Candy Pirate"] = CFrame.new(-1358.66943, 17.8109455, -14566.999, 0.392564148, 6.14153395e-09, 0.919724643, 7.5595004e-08, 1, -3.89436359e-08, -0.919724643, 8.48144595e-08, 0.392564148),
	["Snow Demon"] = CFrame.new(-879.479431, 17.8105698, -14480.8379, -0.0748822317, 4.33763887e-08, -0.997192383, 1.48062265e-08, 1, 4.23866702e-08, 0.997192383, -1.15906476e-08, -0.0748822317),
	["Candy Rebel"] = CFrame.new(123.079735, 35.711235, -12972.2412, 0.805479825, 7.84344962e-08, 0.592623234, -3.56354626e-08, 1, -8.39164684e-08, -0.592623234, 4.64746215e-08, 0.805479825),
	["Sweet Thief"] = CFrame.new(-2.77041769, 28.4975071, -12601.9248, 0.148067713, -1.69058101e-08, -0.988977253, -7.5746609e-09, 1, -1.82282989e-08, 0.988977253, 1.019019e-08, 0.148067713),
	["Cocoa Warrior"] = CFrame.new(-15.6647425, 28.4379616, -12235.543, 0.261818588, 1.25776234e-08, -0.965117097, 2.05778186e-08, 1, 1.86146103e-08, 0.965117097, -2.47336569e-08, 0.261818588),
	["Chocolate Bar Battler"] = CFrame.new(702.130676, 28.4379539, -12620.3535, -0.692424715, 1.38230538e-09, 0.721490145, 2.05947015e-09, 1, 6.06004968e-11, -0.721490145, 1.52784874e-09, -0.692424715),
	["Ice Cream Chef"] = CFrame.new(-836.13855, 69.5231171, -10923.1963, 0.394699007, -7.13658554e-09, 0.918810487, -7.38245509e-09, 1, 1.09385265e-08, -0.918810487, -1.11005027e-08, 0.394699007),
	["Ice Cream Commander"] = CFrame.new(-651.118164, 130.574554, -11214.4863, 0.233007357, -4.69638053e-08, 0.972474992, -5.82516035e-09, 1, 4.96887971e-08, -0.972474992, -1.72426784e-08, 0.233007357),
	["Marine Rear Admiral"] = CFrame.new(2272.39551, 76.837326, -7130.63281, 0.139146641, -2.97550127e-08, 0.990271807, -8.02962177e-08, 1, 4.13300292e-08, -0.990271807, -8.52660165e-08, 0.139146641),
	["Dragon Crew Warrior"] = {
		CFrame.new(6501.04736, 51.5220757, -989.920105, -0.288059294, 3.3348833e-08, -0.957612574, -3.53130112e-08, 1, 4.54474751e-08, 0.957612574, 4.69077506e-08, -0.288059294),
		CFrame.new(6181.29932, 51.5462761, -1532.75891, 0.987623036, 5.07249664e-09, -0.156846106, -4.8822355e-09, 1, 1.59830782e-09, 0.156846106, -8.12766077e-10, 0.987623036),
		CFrame.new(4176.74463, 55.1854897, -1295.40198, 0.126250684, 2.72927208e-15, -0.991998374, 1.02119213e-15, 1, 2.88125309e-15, 0.991998374, -1.37678101e-15, 0.126250684),
	},
	["Marine Commodore"] = {
		CFrame.new(2230.89453, 76.8367081, -7294.9917, 0.797932088, 9.11931086e-10, 0.602747321, 7.96867794e-10, 1, -2.56787125e-09, -0.602747321, 2.52929677e-09, 0.797932088),
		CFrame.new(2592.11694, 76.8372803, -7897.18701, 0.544563949, -3.7254444e-09, -0.838719308, 4.46606002e-10, 1, -4.15185264e-09, 0.838719308, 1.88637217e-09, 0.544563949),
		CFrame.new(3134.42529, 76.8230515, -7869.48682, 0.872419357, 6.31042596e-08, -0.488758057, -4.54661055e-08, 1, 4.79557336e-08, 0.488758057, -1.96155874e-08, 0.872419357),
	},
	["Dragon Crew Archer"] = CFrame.new(6639.88184, 387.311005, 144.483078, -0.537734926, -6.46765486e-08, -0.843113959, -1.66094623e-08, 1, -6.61180621e-08, 0.843113959, -2.15503224e-08, -0.537734926),
	["Giant Islander"] = CFrame.new(4967.13086, 594.140503, -109.792404, -0.669985831, -7.3298331e-08, -0.742373884, -8.39797494e-08, 1, -2.29440875e-08, 0.742373884, 4.69721577e-08, -0.669985831),
	["Female Islander"] ={
		CFrame.new(5711.78809, 785.495178, 896.840454, -0.954926968, 3.38769723e-08, 0.296840787, 3.09393045e-08, 1, -1.45943346e-08, -0.296840787, -4.75247575e-09, -0.954926968),
		CFrame.new(4662.96387, 734.037476, 699.424744, -0.484114647, 1.41645486e-08, 0.87500459, 2.54748436e-08, 1, -2.09347917e-09, -0.87500459, 2.12771205e-08, -0.484114647)
	},
	["Pirate Millionaire"] = {
		CFrame.new(-584.309753, 47.5141678, 5516.89551, -0.24315308, 6.56019239e-08, 0.969987929, 5.94199463e-08, 1, -5.27365138e-08, -0.969987929, 4.48135822e-08, -0.24315308),
		CFrame.new(-43.6601334, 47.533577, 5637.15918, 0.915897071, 1.99731289e-08, 0.401413232, -1.49635326e-08, 1, -1.56150133e-08, -0.401413232, 8.29518498e-09, 0.915897071)
	},
	["Pistol Billionaire"] = {
		CFrame.new(-734.163513, 77.5130615, 5845, -0.477366477, 1.27752756e-07, 0.878704309, 4.46872406e-08, 1, -1.21110787e-07, -0.878704309, -1.85473574e-08, -0.477366477),
		CFrame.new(-67.5795288, 77.433548, 6041.79297, -0.920008719, -4.47372877e-08, 0.391897887, -3.82621046e-09, 1, 1.05173164e-07, -0.391897887, 9.52607451e-08, -0.920008719),
	},
	["Reborn Skeleton"] = CFrame.new(-8758.34375, 145.808456, 6023.45801, 0.957141697, -2.11914486e-08, 0.289620101, 2.41568294e-08, 1, -6.66410749e-09, -0.289620101, 1.33747982e-08, 0.957141697),
	["Demonic Soul"] = CFrame.new(-9502.08105, 175.808456, 6133.62354, -0.99952054, 1.17606675e-07, -0.0309635811, 1.1894204e-07, 1, -4.12851549e-08, 0.0309635811, -4.494823e-08, -0.99952054),
	["Living Zombie"] = CFrame.new(-10172.208, 142.330307, 5941.38672, 0.771397591, 3.40518547e-08, 0.636353493, 5.16468823e-08, 1, -1.16118066e-07, -0.636353493, 1.22438863e-07, 0.771397591),
	["Posessed Mummy"] = CFrame.new(-9593.17285, 9.95512676, 6210.83008, -0.944530785, -1.26491893e-08, -0.328422904, -1.96451406e-08, 1, 1.79836768e-08, 0.328422904, 2.34380497e-08, -0.944530785),
	["Raider"] = {
		CFrame.new(374.939728, 39.1659012, 2332.81274, 0.846631944, -1.7000847e-08, -0.532178879, 1.3534919e-08, 1, -1.04133253e-08, 0.532178879, 1.61325553e-09, 0.846631944),
		CFrame.new(-601.249329, 39.1655807, 2368.02515, 0.345294118, -9.28397103e-14, 0.938494503, 1.91902809e-13, 1, 2.83185442e-14, -0.938494503, 1.70321507e-13, 0.345294118)
	},
	["Mercenary"] = {
		CFrame.new(-957.726379, 73.587265, 1677.39587, -0.175682694, 2.24808794e-08, 0.984446824, -1.78411259e-08, 1, -2.60199506e-08, -0.984446824, -2.21348948e-08, -0.175682694),
		CFrame.new(-1085.22156, 73.1059341, 1170.2113, 0.99608165, 5.33300764e-08, 0.088438414, -4.39096866e-08, 1, -1.08464668e-07, -0.088438414, 1.04156364e-07, 0.99608165)
	},
	["Swan Pirate"] = CFrame.new(950.344849, 72.9854965, 1268.0675, -0.998827875, -2.33191777e-08, 0.048403725, -2.39387354e-08, 1, -1.22200721e-08, -0.048403725, -1.33644731e-08, -0.998827875),
	["Factory Staff"] = {
		CFrame.new(654.883362, 76.6633835, 28.2882347, 0.971952736, 1.05095623e-07, -0.235176265, -9.56498241e-08, 1, 5.15720338e-08, 0.235176265, -2.76310121e-08, 0.971952736),
		CFrame.new(-155.12442, 153.136017, -248.00679, -0.113861471, 1.39480196e-08, -0.993496656, 4.63888128e-08, 1, 8.72284911e-09, 0.993496656, -4.50939339e-08, -0.113861471),
	},
	["Marine Lieutenant"] = {
		CFrame.new(-3090.28003, 76.67836, -2759.22192, -0.938147962, 8.01509472e-08, -0.34623459, 5.38947731e-08, 1, 8.54613518e-08, 0.34623459, 6.15151592e-08, -0.938147962),
		CFrame.new(-2727.22559, 76.6697464, -3011.44678, -0.875471771, 6.06833552e-08, 0.483269304, 8.93017926e-08, 1, 3.62072292e-08, -0.483269304, 7.48552154e-08, -0.875471771),
	},
	["Marine Captain"] = CFrame.new(-1888.08862, 76.6697464, -3306.29468, -0.383252412, 3.7904865e-08, -0.923643649, 6.67380462e-08, 1, 1.33464306e-08, 0.923643649, -5.65271243e-08, -0.383252412),
	["Snow Trooper"] = CFrame.new(519.81012, 405.12561, -5405.30469, -0.48118332, -1.08528198e-07, 0.876619995, -5.76657193e-08, 1, 9.21498611e-08, -0.876619995, -6.20994678e-09, -0.48118332),
	["Winter Warrior"] = CFrame.new(1168.25488, 433.125549, -5216.11475, -0.895515203, -4.91422476e-08, 0.445030898, -1.0337196e-08, 1, 8.96232848e-08, -0.445030898, 7.56586402e-08, -0.895515203),
	["Snow Lurker"] = CFrame.new(5574.01807, 46.2604446, -6827.55566, 0.737714112, 1.96874232e-08, -0.675113261, 1.29226612e-08, 1, 4.32825935e-08, 0.675113261, -4.06544416e-08, 0.737714112),
	["Arctic Warrior"] = CFrame.new(6032.60107, 32.0703049, -6199.88086, 0.0499827303, -4.74441064e-09, -0.998750091, -8.73268604e-08, 1, -9.12064557e-09, 0.998750091, 8.76735839e-08, 0.0499827303),
	["Sea Soldier"] = {
		CFrame.new(-2716.18604, 86.4284134, -9793.03906, 0.189506531, -8.00628008e-10, 0.981879473, 3.49781804e-09, 1, 1.40311165e-10, -0.981879473, 3.40784578e-09, 0.189506531),
		CFrame.new(-3358.99219, 30.6567707, -9773.68164, 0.113764897, -1.23701529e-08, 0.993507683, 1.07684926e-07, 1, 1.20168278e-10, -0.993507683, 1.06972131e-07, 0.113764897),
	},
	["Water Fighter"] = CFrame.new(-3488.2041, 242.549728, -10516.2803, 0.728577852, -5.05798816e-08, -0.684962988, 5.71956953e-08, 1, -1.30056153e-08, 0.684962988, -2.97013312e-08, 0.728577852),
	["Magma Ninja"] = {
		CFrame.new(-5193.57617, 19.6554966, -6163.69141, -0.878651738, 4.07864889e-08, 0.477463186, 5.79288759e-08, 1, 2.11803144e-08, -0.477463186, 4.62690259e-08, -0.878651738),
		CFrame.new(-5671.20947, 19.6553745, -5697.76074, -0.918404579, -5.99795591e-09, -0.395642579, -4.42711245e-09, 1, -4.88338614e-09, 0.395642579, -2.73336975e-09, -0.918404579)
	},
	["Lava Pirate"] = CFrame.new(-5189.7207, 37.3153915, -4674.6626, 0.788537264, -2.34407125e-08, 0.614986956, 1.50383332e-08, 1, 1.8833612e-08, -0.614986956, -5.60262592e-09, 0.788537264),
	["Lab Subordinate"] = CFrame.new(-5755.66406, 19.6553745, -4438.52637, -0.543061256, 1.46263623e-09, -0.839693069, 1.43479211e-08, 1, -7.53747287e-09, 0.839693069, -1.61411595e-08, -0.543061256),
	["Horned Warrior"] = CFrame.new(-6352.51025, 26.570385, -5849.50391, -0.743332207, 7.33192564e-08, -0.668922424, 1.13818992e-07, 1, -1.68720113e-08, 0.668922424, -8.86775879e-08, -0.743332207),
	["Zombie"] = {
		CFrame.new(-5680.1333, 52.1837997, -859.708191, -0.989687026, 6.38518358e-08, -0.143246651, 6.47450236e-08, 1, -1.57404623e-09, 0.143246651, -1.08323208e-08, -0.989687026),
		CFrame.new(-5719.83643, 52.183815, -614.416199, 0.405462891, 4.95886887e-09, -0.914111495, 3.84381451e-08, 1, 2.24744028e-08, 0.914111495, -4.42492869e-08, 0.405462891),
	},
	["Vampire"] = CFrame.new(-5986.79395, 10.1063137, -1356.22827, 0.0319207534, -1.18047332e-08, 0.99949038, 1.03556523e-07, 1, 8.5034646e-09, -0.99949038, 1.0323231e-07, 0.0319207534),
	["Ship Deckhand"] = {
		CFrame.new(1173.81555, 129.432739, 33172.7344, -0.280670762, 7.44962048e-09, 0.959804118, 7.52234097e-09, 1, -5.56188384e-09, -0.959804118, 5.658916e-09, -0.280670762),
		CFrame.new(628.322754, 128.760727, 33052.3359, -0.983112574, 8.57632187e-08, 0.183001921, 7.42585229e-08, 1, -6.97191211e-08, -0.183001921, -5.49522881e-08, -0.983112574),
	},
	["Ship Officer"] = {
		CFrame.new(1200.19946, 184.852753, 33275.9297, -0.569919109, -6.90182418e-08, -0.821700811, -5.74657264e-08, 1, -4.41370247e-08, 0.821700811, 2.20651e-08, -0.569919109),
		CFrame.new(597.092896, 184.852753, 33306.9766, -0.0749702081, 5.83015023e-08, 0.997185767, 4.31814051e-08, 1, -5.52195836e-08, -0.997185767, 3.89200601e-08, -0.0749702081),
	},
	["Trainee"] = CFrame.new(-2849.78174, 41.03936, 2196.26929, -0.752607584, 9.62647064e-08, 0.65846926, 3.46151587e-08, 1, -1.0663075e-07, -0.65846926, -5.74580916e-08, -0.752607584),
	["Bandit"] = {
		CFrame.new(1038.33789, 16.2993832, 1637.35413, 0.528709531, 1.75541714e-08, -0.848802805, -4.56656224e-09, 1, 1.78366353e-08, 0.848802805, -5.55428858e-09, 0.528709531),
		CFrame.new(1237.58521, 16.4586353, 1603.1582, 0.234159604, 5.40705933e-08, -0.972198188, 2.32803732e-08, 1, 6.12240569e-08, 0.972198188, -3.6969336e-08, 0.234159604),
	},
	["Monkey"] = {
		CFrame.new(-1690.18274, 15.877883, 31.140398, 0.814481497, 8.39978664e-09, -0.580189526, -3.33606671e-08, 1, -3.2354702e-08, 0.580189526, 4.57078144e-08, 0.814481497),
		CFrame.new(-1518.97253, 19.5557079, 261.38147, -0.99861449, -1.15912964e-18, 0.0526218377, -1.26010523e-18, 1, -1.88571434e-18, -0.0526218377, -1.94941076e-18, -0.99861449),
	},
	["Gorilla"] = CFrame.new(-1211.3418, 9.92455959, -501.123657, -0.997639239, -1.28190372e-18, -0.0686731935, -1.11327519e-18, 1, -2.49379218e-18, 0.0686731935, -2.41145276e-18, -0.997639239),
	["Desert Bandit"] = CFrame.new(900.097168, 10.1535015, 4459.3125, 0.87523216, 1.12728511e-08, 0.483703077, -3.37007826e-08, 1, 3.76742655e-08, -0.483703077, -4.92749024e-08, 0.87523216),
	["Desert Officer"] = CFrame.new(1573.8772, 13.4583731, 4372.46045, -0.400532871, -3.37809496e-08, 0.916282415, -2.00387031e-08, 1, 2.8107916e-08, -0.916282415, -7.10296622e-09, -0.400532871),
	["Prisoner"] = CFrame.new(5261.98242, 5.35499334, 411.8125, 0.252760291, 2.87523072e-09, 0.967528939, -5.02302255e-10, 1, -2.84050272e-09, -0.967528939, 2.31974343e-10, 0.252760291),
	["Dangerous Prisoner"] = {
		CFrame.new(5608.53174, 5.35401773, 719.010376, -0.999661982, -7.35415355e-08, 0.0259975474, -7.35806225e-08, 1, -5.46841072e-10, -0.0259975474, -2.4595721e-09, -0.999661982),
		CFrame.new(5346.27588, 5.33697748, 1068.99915, -0.979050219, 7.33080086e-08, 0.203618973, 7.50268825e-08, 1, 7.22328142e-10, -0.203618973, 1.59840923e-08, -0.979050219),
		CFrame.new(5041.2832, 5.33699274, 966.24646, 0.726111352, 4.20164703e-09, 0.687577128, 7.9666318e-09, 1, -1.4523911e-08, -0.687577128, 1.602365e-08, 0.726111352),
	},
	["Fishman Warrior"] = {
		CFrame.new(60919.0703, 22.1864357, 1595.13342, -0.788089156, 2.04421835e-09, -0.615561128, -3.10425152e-09, 1, 7.29520622e-09, 0.615561128, 7.66012942e-09, -0.788089156),
		CFrame.new(60923.7812, 22.175251, 1279.68262, 0.896976769, -7.03803664e-08, 0.442077637, 5.96099596e-08, 1, 3.82548571e-08, -0.442077637, -7.96148925e-09, 0.896976769),
	},
	["Fishman Commando"] = {
		CFrame.new(61852.6758, 22.1864357, 1574.61426, 0.7287274, 1.37806477e-08, 0.684803903, -8.0466771e-09, 1, -1.15607017e-08, -0.684803903, 2.91420421e-09, 0.7287274),
		CFrame.new(61934.4766, 22.1864357, 1377.77209, 0.928318143, 1.32965079e-08, -0.371786743, -1.74114607e-08, 1, -7.71105224e-09, 0.371786743, 1.36316602e-08, 0.928318143),
	},
	["Ice Admiral"] = CFrame.new(1371.05176, 90.9763947, -1382.78076, -0.67342484, 7.55307639e-08, -0.739255667, 7.28571905e-08, 1, 3.58021204e-08, 0.739255667, -2.97500549e-08, -0.67342484),
	["Snowman"] = CFrame.new(1127.36572, 109.939743, -1548.53406, 0.890945792, -2.26630057e-08, 0.454109639, 5.12790663e-08, 1, -5.07011109e-08, -0.454109639, 6.84582631e-08, 0.890945792),
	["Galley Pirate"] = CFrame.new(5660.77148, 42.2422485, 3983.7605, -0.427766651, 6.90986113e-08, 0.903889179, 9.25759451e-08, 1, -3.26342082e-08, -0.903889179, 6.9718574e-08, -0.427766651),
	["Galley Captain"] = CFrame.new(5672.2583, 42.2047501, 4923.49268, 0.75443393, 6.1132873e-08, -0.656376004, -3.80324963e-08, 1, 4.94226917e-08, 0.656376004, -1.23225385e-08, 0.75443393),
	["Chief Petty Officer"] = {
		CFrame.new(-4748.68311, 24.3556499, 4509.03857, -0.82180804, 5.63936098e-08, 0.569764435, 9.1860656e-08, 1, 3.35194947e-08, -0.569764435, 7.9885524e-08, -0.82180804),
		CFrame.new(-4904.46143, 24.3556499, 4035.86279, -0.968705952, 1.06169182e-07, -0.248211175, 9.84460726e-08, 1, 4.35269776e-08, 0.248211175, 1.77294268e-08, -0.968705952),
	},
	["Military Soldier"] = {
		CFrame.new(-5555.46191, 12.2922153, 8402.72363, -0.734923005, 1.027089e-12, 0.678150535, -1.02924321e-12, 1, -2.62995225e-12, -0.678150535, -2.63079424e-12, -0.734923005),
		CFrame.new(-5341.99805, 12.6942892, 8555.97949, -0.940165222, 1.07473454e-07, 0.340718806, 1.24281442e-07, 1, 2.75055179e-08, -0.340718806, 6.82047627e-08, -0.940165222),
	},
	["Military Spy"] = CFrame.new(-5811.6626, 80.9342651, 8805.29688, -0.934277713, -8.25129298e-09, -0.356546193, -1.38968959e-09, 1, -1.95008028e-08, 0.356546193, -1.77236767e-08, -0.934277713),
	["Toga Warrior"] = CFrame.new(-1920.09082, 10.9926863, -2770.84766, 0.39361608, -1.78411841e-10, 0.919274926, -7.87726506e-08, 1, 3.39230333e-08, -0.919274926, -8.57663736e-08, 0.39361608),
	["Gladiator"] = CFrame.new(-1257.35559, 11.1461592, -3242.1123, 0.579691947, 1.04646212e-07, 0.814835727, -2.97662144e-08, 1, -1.07249804e-07, -0.814835727, 3.79172747e-08, 0.579691947),
	["Sky Bandit"] = CFrame.new(-4983.03271, 281.770416, -2873.48657, -0.809665442, 1.61082294e-08, -0.586891711, -1.02120614e-08, 1, 4.15350634e-08, 0.586891711, 3.96228792e-08, -0.809665442),
	["Dark Master"] = CFrame.new(-5266.56152, 392.355621, -2274.68677, 0.880456269, 2.82976558e-08, 0.474127322, -6.94102908e-08, 1, 6.92115165e-08, -0.474127322, -9.3847035e-08, 0.880456269),
	["God's Guard"] = CFrame.new(-4718.19873, 856.738098, -1934.69495, 0.874055386, -2.59726338e-08, 0.485826254, 5.38903961e-08, 1, -4.34940617e-08, -0.485826254, 6.41975859e-08, 0.874055386),
	["Shanda"] = CFrame.new(-7658.84473, 5549.19629, -498.609283, -0.769992888, -1.54135886e-08, 0.638052464, -1.77663537e-08, 1, 2.71705347e-09, -0.638052464, -9.24375421e-09, -0.769992888),
	["Royal Squad"] = CFrame.new(-7610.18066, 5610.58154, -1476.4823, 0.478884637, 6.79618708e-08, -0.877877831, 4.54469031e-08, 1, 1.02207494e-07, 0.877877831, -8.88424267e-08, 0.478884637),
	["Royal Soldier"] = CFrame.new(-7813.12646, 5610.58154, -1758.15637, 0.704540849, -3.70260054e-08, -0.709663451, 6.94768545e-08, 1, 1.68013141e-08, 0.709663451, -6.11423943e-08, 0.704540849),
}

return bel
